7
7
8
4
5
1
14
1
2
15
1
3
8
6
9
8
8
1
5
17
13
4
7
7
0
29
3
29
12
43
8
3
21
27
1
2
26
1
2
14
13
6
22
1
0
26
8
22
12
0
5
0
10
4
14
5
7
2
1
3
3
4
16
9
0
0
4
22
3
29
6
0
10
5
16
20
1
7
0
20
0
14
15
11
4
6
12
10
10
5
24
1
2
4
8
10
16
3
2
5
2
12
13
1
11
0
18
0
3
2
1
1
1
2
7
1
1
1
0
0
4
4
5
8
1
2
2
5
4
1
11
0
3
2
2
20
17
3
11
0
5
7
5
0
13
0
8
4
25
6
30
4
0
11
7
21
39
1
6
2
17
0
35
18
8
2
13
5
24
10
3
11
5
2
14
13
18
23
4
0
12
8
43
8
0
7
0
3
0
38
33
7
4
4
6
5
2
4
9
1
0
13
11
3
12
5
0
6
6
8
6
3
11
1
4
0
6
23
7
24
66
2
8
15
34
11
15
10
54
36
24
10
1
0
11
17
12
4
1
30
0
15
1
21
2
2
3
1
2
17
3
3
3
3
8
2
5
0
5
1
0
0
9
15
5
0
4
0
1
0
2
5
1
1
0
3
1
0
2
15
0
4
1
12
5
9
1
0
0
3
15
5
0
7
0
6
0
23
26
5
1
1
13
9
10
3
19
1
2
7
59
2
56
3
5
4
11
16
23
6
2
0
28
2
21
10
5
3
0
7
12
2
3
15
0
2
5
17
4
16
7
0
1
12
11
9
0
5
0
10
0
30
19
6
3
4
26
10
3
2
14
3
2
1
22
7
24
10
1
4
9
25
7
8
8
1
5
0
5
3
7
3
4
2
8
2
6
8
2
1
2
43
4
12
1
0
5
6
16
1
1
8
0
4
0
18
10
10
6
3
15
6
1
19
20
0
4
29
12
4
23
6
0
28
10
7
3
2
19
1
3
2
3
0
0
0
0
1
4
0
0
0
0
0
2
0
1
5
2
1
0
0
4
0
0
0
0
0
0
10
6
6
3
1
11
3
1
3
6
1
0
10
4
2
88
5
1
2
4
20
17
0
1
0
2
0
17
5
7
5
4
18
12
5
32
18
0
18
12
26
10
36
6
1
10
9
40
30
2
13
7
17
1
12
17
19
9
6
4
20
15
23
28
1
6
20
28
6
18
5
1
8
8
56
5
2
18
5
21
0
12
4
2
1
5
0
5
2
2
1
1
2
2
1
3
1
5
0
29
5
10
0
2
2
0
2
0
1
2
3
0
0
0
4
4
0
3
0
0
2
0
3
1
0
0
2
1
0
0
0
2
0
0
2
29
58
9
4
29
8
4
7
28
24
1
3
8
5
6
17
2
0
14
8
93
38
0
19
0
28
0
1
0
3
2
1
1
1
1
0
2
0
0
2
2
0
5
4
0
1
1
3
0
0
0
0
2
0
9
22
3
4
4
6
3
10
9
3
0
9
1
11
6
10
3
1
10
11
9
6
2
9
0
1
0
2
0
0
0
0
1
0
0
1
1
0
0
0
0
0
5
0
0
0
0
1
1
0
0
0
0
0